10.349
9.470
9.270
9.224
9.270
9.272
9.469
9.671
8.620
9.222
9.271
9.169
9.217
9.220
9.269
9.271
9.271
9.271
8.816
9.269
9.219
8.819
9.320
9.319
9.270
9.318
9.269
9.269
9.317
9.219
9.270
8.619
8.718
9.219
9.268
9.269
9.218
9.221
9.268
9.269
9.218
8.368
9.269
9.317
9.267
9.268
9.319
9.267
9.315
9.368
9.467
7.553
9.299
9.282
9.425
9.268
9.318
9.269
9.272
9.273
9.270
8.520
9.266
9.318
8.869
9.268
9.271
9.221
9.273
9.273
9.318
9.170
9.271
9.271
8.272
9.269
9.267
9.267
9.265
9.269
9.268
9.269
9.321
9.318
9.517
9.272
9.667
9.270
9.722
9.270
9.470
9.420
9.471
9.372
9.418
9.272
9.421
9.470
9.422
9.273
